4X SCOPE tracking
3F 33 33 13 40 00 00 D0 3F 00 00 80 3F 01 00
3F 33 33 13 40 00 00 D0 3F 00 00 80 5C 01 00

2x scope tracking

3F 33 33 13 40 00 00 F0 3F 00 00 80 3F 01 00 00 00
3F 33 33 13 40 00 00 F0 3F 00 00 80 5C 01 00 00 00


SNIPER NO SCOPE
SEARCH
01 00 00 00 00 00 00 00 00 00 00 00 41 00 00 00 00 00 00 00 01 00 00 00 cd cc
REPLACE
01 00 00 00 00 00 00 00 00 00 00 00 41 00 00 00 00 00 00 00 00 00 00 00 cd cc



NEW SNIPER SCOPE OBB50
----------------------
06 00 00 00 00 00 00 00 00 00 00 00 00 00 00 00 00 00 00 00 00 00 80 3F 33 33 13 40 00 00 B0 3F 00 00 80 3F 01
06 00 00 00 00 00 80 3F 00 00 00 00 00 00 00 00 00 00 00 00 00 00 80 3F 33 33 13 40 00 00 B0 3F 00 00 80 3F 01


AMW  SWICTH 
96 00 00 00 00 00 00 00 00 00 00 3F 00 00 80 3E 00 00 00 00 04 00 00 00 00 00 80 3F 00 00 20 41
96 00 00 00 00 00 00 00 00 00 00 2D 00 00 80 3C 00 00 00 00 04 00 00 00 00 00 80 3F 00 00 20 41


M82B SWICTH
9A 99 19 3F 00 00 80 3E 00 00 00 00 04 00 00 00 00 00 80 3F 00 00 20 41 
9A 99 19 2D 00 00 80 3C 00 00 00 00 04 00 00 00 00 00 80 3F 00 00 20 41


Fov 2 x
3F 33 33 13 40 00 00 F0 3F 00 00 80 3F 01
3F 33 33 FF FF 00 00 F0 3F 00 00 80 3F 01


Fov 4 x
40 40 00 00 70 42 00 00 00 00 00 00 C0 3F
ff ff 00 00 70 42 00 00 00 00 00 00 C0 3F


sniper seley
E3 6A 14 01 EB 00 00 00 EA 00 60 A0 E3 06 00 A0 E1 18 D0 4B E2 02 8B BD EC 70 8C BD E8 1D 71
E3 6A 14 01 EB 00 00 00 EA 00 60 A0 C3 06 00 A0 E1 18 D0 4B E2 02 8B BD EC 70 8C BD E8 1D 71

SPEED HACK NEED TEST,
01 00 00 00 02 2B 07 3D 00 00
01 00 00 00 02 2B 67 3D 00 00

GLITCH FIRE,
1d 00 00 00 65 00 66 00 66 00 65 00 63 00 74 00 73 00 2f 00 76 00 66 00 78 00 5f 00 69 00 6e 00 61 00 67 00 6d 00 65 00 5f 00 6c 00 61 00 73 00 65 00 72 00 5f 00 73 00 68 00 6f 00 70 00 
19 00 00 00 69 00 6e 00 67 00 61 00 6d 00 65 00 2f 00 70 00 69 00 63 00 6b 00 75 00 70 00 2f 00 70 00 69 00 63 00 6b 00 75 00 70 00 5f 00 62 00 6d 00 39 00 34 00 00 00 66 00 61 00 62 00

AIMFOV 180,
99 19 3E CD CC 4C 3E A4 70 FD 3E AE 47 01 3F A4 70 FD 3E AE 47 01 3F AE 47 E1
99 19 3E CD CC 4C 3E A4 70 FD 3E AE 47 E6 40 A4 70 FD 3E AE 47 01 3F AE 47 E1


AIMFOV 90,
99 19 3E CD CC 4C 3E A4 70 FD 3E AE 47 01 3F A4 70 FD 3E AE 47 01 3F AE 47 E1
99 19 3E CD CC 4C 3E A4 70 FD 3E AE 47 E6 3F A4 70 FD 3E AE 47 01 3F AE 47 E1

NEW VISION HACK CODES
---------------------
DB 0F 49 40 10 2A 00 EE 00 10 80 E5 10 3A 01 EE 14 10 80 E5 00 2A 30 EE 00 10 00 E3 41 3A 30 EE 80 1F 4B E3 01 0A 30 EE 2C 10 80 E5 50 00 C0 F2 04 10 80 E2 00 20 A0 E3 30 20 80 E5 34 20 80 E5 01 1A 22 EE 3C 20 80 E5 8F 0A 41 F4 18 10 80 E2 03 0A 80 EE 03 1A 81 EE 8F 0A

DB 0F A5 40 10 2A 00 EE 00 10 80 E5 10 3A 01 EE 14 10 80 E5 00 2A 30 EE 00 10 00 E3 41 3A 30 EE 80 1F 4B E3 01 0A 30 EE 2C 10 80 E5 50 00 C0 F2 04 10 80 E2 00 20 A0 E3 30 20 80 E5 34 20 80 E5 01 1A 22 EE 3C 20 80 E5 8F 0A 41 F4 18 10 80 E2 03 0A 80 EE 03 1A 81 EE 8F 0A

flayWallhsck
3F AE 47 81 3F 00 1A B7 EE DC 3A 9F ED 30
E3 AE 47 81 3F 00 1A B7 EE DC 3A 9F ED 30

CAMERA NEW
80 3F 00 00 00 00 00 00 80 3F 00 00 00 00 00 00 00 00 00 00 80 BF 00 00 00 00 00 00 80 BF 00 00 00 00 00 00 00 00 00 00 80 3F 00 00 00 00 00 00 00 00 00 00 00 00 00 00 00 00 00 00 80 3F
80 3F 00 00 00 00 00 00 80 40 00 00 00 00 00 00 00 00 00 00 80 BF 00 00 00 00 00 00 80 BF 00 00 00 00 00 00 00 00 00 00 80 3F 00 00 00 00 00 00 00 00 00 00 00 00 00 00 00 00 00 00 80 3F

fast Landing
00 00 00 00 00 00 80 3F 00 00 00 00 00 00 00 00 00 00 80 BF 00 00 00 00 00 00 80 BF 00 00 00 00 00 00 00 00 00 00 80 3F 00 00 00 00 00 00 00 00 00 00 00 00 00 00 00 00 00 00 80 3F 00 00 00 00 00 00 00 00 00 00 80 BF
00 00 00 00 00 00 80 42 00 00 00 00 00 00 00 00 00 00 80 BF 00 00 00 00 00 00 80 BF 00 00 00 00 00 00 00 00 00 00 80 3F 00 00 00 00 00 00 00 00 00 00 00 00 00 00 00 00 00 00 80 3F 00 00 00 00 00 00 00 00 00 00 80 BF
